accn|NZ_ADCD01000013	accn|JOKP01000001	100.000	16	0	0	1349	1364	877	892	0.006	32.2
accn|NZ_ADCD01000013	accn|JOKP01000001	91.304	23	2	0	553	575	9122	9144	0.024	30.2
accn|NZ_ADCD01000013	accn|JOKP01000001	100.000	14	0	0	562	575	4813	4800	0.094	28.2
accn|NZ_ADCD01000013	accn|JOKP01000001	100.000	14	0	0	562	575	8060	8047	0.094	28.2
accn|NZ_ADCD01000013	accn|JOKP01000001	94.444	18	1	0	1021	1038	11018	11001	0.094	28.2
accn|NZ_ADCD01000013	accn|JOKP01000001	100.000	14	0	0	906	919	14078	14065	0.094	28.2
accn|NZ_ADCD01000013	accn|JOKP01000001	94.118	17	1	0	164	180	606	590	0.37	26.3
accn|NZ_ADCD01000013	accn|JOKP01000001	100.000	13	0	0	853	865	712	700	0.37	26.3
accn|NZ_ADCD01000013	accn|JOKP01000001	100.000	13	0	0	1634	1646	3764	3776	0.37	26.3
accn|NZ_ADCD01000013	accn|JOKP01000001	94.118	17	1	0	315	331	8539	8555	0.37	26.3
accn|NZ_ADCD01000013	accn|JOKP01000001	90.476	21	2	0	1523	1543	9278	9258	0.37	26.3
accn|NZ_ADCD01000013	accn|JOKP01000001	100.000	13	0	0	1551	1563	9521	9533	0.37	26.3
accn|NZ_ADCD01000013	accn|JOKP01000001	100.000	13	0	0	1349	1361	10514	10502	0.37	26.3
accn|NZ_ADCD01000013	accn|JOKP01000001	100.000	13	0	0	54	66	10686	10674	0.37	26.3
accn|NZ_ADCD01000013	accn|JOKP01000001	94.118	17	1	0	303	319	12066	12050	0.37	26.3
accn|NZ_ADCD01000013	accn|JOKP01000001	100.000	13	0	0	13	25	12972	12984	0.37	26.3
accn|NZ_ADCD01000013	accn|JOKP01000001	93.750	16	1	0	555	570	63	48	1.5	24.3
accn|NZ_ADCD01000013	accn|JOKP01000001	100.000	12	0	0	1549	1560	649	638	1.5	24.3
accn|NZ_ADCD01000013	accn|JOKP01000001	100.000	12	0	0	1041	1052	749	738	1.5	24.3
accn|NZ_ADCD01000013	accn|JOKP01000001	100.000	12	0	0	238	249	1461	1472	1.5	24.3
accn|NZ_ADCD01000013	accn|JOKP01000001	100.000	12	0	0	536	547	1991	2002	1.5	24.3
accn|NZ_ADCD01000013	accn|JOKP01000001	100.000	12	0	0	468	479	2207	2218	1.5	24.3
accn|NZ_ADCD01000013	accn|JOKP01000001	100.000	12	0	0	21	32	3549	3538	1.5	24.3
accn|NZ_ADCD01000013	accn|JOKP01000001	100.000	12	0	0	1454	1465	4046	4035	1.5	24.3
accn|NZ_ADCD01000013	accn|JOKP01000001	100.000	12	0	0	1550	1561	4647	4636	1.5	24.3
accn|NZ_ADCD01000013	accn|JOKP01000001	100.000	12	0	0	960	971	7331	7342	1.5	24.3
accn|NZ_ADCD01000013	accn|JOKP01000001	100.000	12	0	0	1522	1533	7408	7419	1.5	24.3
accn|NZ_ADCD01000013	accn|JOKP01000001	100.000	12	0	0	641	652	8101	8090	1.5	24.3
accn|NZ_ADCD01000013	accn|JOKP01000001	100.000	12	0	0	1441	1452	8251	8240	1.5	24.3
accn|NZ_ADCD01000013	accn|JOKP01000001	100.000	12	0	0	563	574	8310	8321	1.5	24.3
accn|NZ_ADCD01000013	accn|JOKP01000001	93.750	16	1	0	315	330	8578	8593	1.5	24.3
accn|NZ_ADCD01000013	accn|JOKP01000001	93.750	16	1	0	693	708	8647	8662	1.5	24.3
accn|NZ_ADCD01000013	accn|JOKP01000001	100.000	12	0	0	536	547	9270	9281	1.5	24.3
accn|NZ_ADCD01000013	accn|JOKP01000001	100.000	12	0	0	624	635	9411	9422	1.5	24.3
accn|NZ_ADCD01000013	accn|JOKP01000001	100.000	12	0	0	187	198	9586	9575	1.5	24.3
accn|NZ_ADCD01000013	accn|JOKP01000001	100.000	12	0	0	442	453	9728	9717	1.5	24.3
accn|NZ_ADCD01000013	accn|JOKP01000001	93.750	16	1	0	1349	1364	10205	10220	1.5	24.3
accn|NZ_ADCD01000013	accn|JOKP01000001	100.000	12	0	0	644	655	10776	10787	1.5	24.3
accn|NZ_ADCD01000013	accn|JOKP01000001	93.750	16	1	0	1529	1544	10847	10862	1.5	24.3
accn|NZ_ADCD01000013	accn|JOKP01000001	100.000	12	0	0	1331	1342	10931	10942	1.5	24.3
accn|NZ_ADCD01000013	accn|JOKP01000001	100.000	12	0	0	1040	1051	10945	10934	1.5	24.3
accn|NZ_ADCD01000013	accn|JOKP01000001	100.000	12	0	0	313	324	10956	10967	1.5	24.3
accn|NZ_ADCD01000013	accn|JOKP01000001	100.000	12	0	0	716	727	11071	11082	1.5	24.3
accn|NZ_ADCD01000013	accn|JOKP01000001	100.000	12	0	0	300	311	11544	11555	1.5	24.3
accn|NZ_ADCD01000013	accn|JOKP01000001	100.000	12	0	0	954	965	11824	11813	1.5	24.3
accn|NZ_ADCD01000013	accn|JOKP01000001	100.000	12	0	0	185	196	12509	12498	1.5	24.3
accn|NZ_ADCD01000013	accn|JOKP01000001	100.000	12	0	0	598	609	12902	12891	1.5	24.3
accn|NZ_ADCD01000013	accn|JOKP01000001	100.000	12	0	0	973	984	13082	13071	1.5	24.3
accn|NZ_ADCD01000013	accn|JOKP01000001	93.750	16	1	0	692	707	13258	13243	1.5	24.3
accn|NZ_ADCD01000013	accn|JOKP01000001	93.750	16	1	0	1523	1538	13774	13789	1.5	24.3
accn|NZ_ADCD01000013	accn|JOKP01000001	100.000	12	0	0	1533	1544	13790	13801	1.5	24.3
accn|NZ_ADCD01000013	accn|JOKP01000001	100.000	12	0	0	496	507	14831	14842	1.5	24.3
accn|NZ_ADCD01000013	accn|JOKP01000001	100.000	12	0	0	469	480	14876	14865	1.5	24.3
accn|NZ_ADCD01000013	accn|JOKP01000001	100.000	12	0	0	228	239	15637	15626	1.5	24.3
accn|NZ_ADCD01000013	accn|JOKP01000001	100.000	12	0	0	840	851	16048	16059	1.5	24.3
accn|NZ_ADCD01000013	accn|JOKP01000001	100.000	12	0	0	517	528	17573	17562	1.5	24.3
accn|NZ_ADCD01000013	accn|JOKP01000001	100.000	11	0	0	564	574	57	47	5.8	22.3
accn|NZ_ADCD01000013	accn|JOKP01000001	100.000	11	0	0	973	983	121	131	5.8	22.3
accn|NZ_ADCD01000013	accn|JOKP01000001	100.000	11	0	0	1301	1311	308	298	5.8	22.3
accn|NZ_ADCD01000013	accn|JOKP01000001	100.000	11	0	0	227	237	771	761	5.8	22.3
accn|NZ_ADCD01000013	accn|JOKP01000001	100.000	11	0	0	315	325	776	766	5.8	22.3
accn|NZ_ADCD01000013	accn|JOKP01000001	93.333	15	1	0	242	256	866	852	5.8	22.3
accn|NZ_ADCD01000013	accn|JOKP01000001	100.000	11	0	0	557	567	898	908	5.8	22.3
accn|NZ_ADCD01000013	accn|JOKP01000001	100.000	11	0	0	1312	1322	978	968	5.8	22.3
accn|NZ_ADCD01000013	accn|JOKP01000001	93.333	15	1	0	1616	1630	1233	1219	5.8	22.3
accn|NZ_ADCD01000013	accn|JOKP01000001	100.000	11	0	0	87	97	1311	1321	5.8	22.3
accn|NZ_ADCD01000013	accn|JOKP01000001	100.000	11	0	0	561	571	1380	1390	5.8	22.3
accn|NZ_ADCD01000013	accn|JOKP01000001	100.000	11	0	0	312	322	1383	1393	5.8	22.3
accn|NZ_ADCD01000013	accn|JOKP01000001	100.000	11	0	0	1318	1328	1666	1656	5.8	22.3
accn|NZ_ADCD01000013	accn|JOKP01000001	100.000	11	0	0	648	658	1771	1761	5.8	22.3
accn|NZ_ADCD01000013	accn|JOKP01000001	100.000	11	0	0	121	131	1933	1943	5.8	22.3
accn|NZ_ADCD01000013	accn|JOKP01000001	100.000	11	0	0	208	218	2086	2096	5.8	22.3
accn|NZ_ADCD01000013	accn|JOKP01000001	89.474	19	2	0	1551	1569	2243	2225	5.8	22.3
accn|NZ_ADCD01000013	accn|JOKP01000001	100.000	11	0	0	78	88	2437	2427	5.8	22.3
accn|NZ_ADCD01000013	accn|JOKP01000001	100.000	11	0	0	564	574	2484	2494	5.8	22.3
accn|NZ_ADCD01000013	accn|JOKP01000001	100.000	11	0	0	822	832	3001	3011	5.8	22.3
accn|NZ_ADCD01000013	accn|JOKP01000001	100.000	11	0	0	1533	1543	3100	3090	5.8	22.3
accn|NZ_ADCD01000013	accn|JOKP01000001	100.000	11	0	0	997	1007	3527	3517	5.8	22.3
accn|NZ_ADCD01000013	accn|JOKP01000001	100.000	11	0	0	1549	1559	3904	3914	5.8	22.3
accn|NZ_ADCD01000013	accn|JOKP01000001	100.000	11	0	0	958	968	4141	4151	5.8	22.3
accn|NZ_ADCD01000013	accn|JOKP01000001	100.000	11	0	0	1545	1555	4365	4355	5.8	22.3
accn|NZ_ADCD01000013	accn|JOKP01000001	100.000	11	0	0	312	322	4759	4749	5.8	22.3
accn|NZ_ADCD01000013	accn|JOKP01000001	100.000	11	0	0	1526	1536	4765	4775	5.8	22.3
accn|NZ_ADCD01000013	accn|JOKP01000001	100.000	11	0	0	996	1006	4821	4831	5.8	22.3
accn|NZ_ADCD01000013	accn|JOKP01000001	100.000	11	0	0	315	325	4898	4888	5.8	22.3
accn|NZ_ADCD01000013	accn|JOKP01000001	100.000	11	0	0	561	571	4995	5005	5.8	22.3
accn|NZ_ADCD01000013	accn|JOKP01000001	100.000	11	0	0	557	567	5018	5008	5.8	22.3
accn|NZ_ADCD01000013	accn|JOKP01000001	100.000	11	0	0	753	763	5449	5459	5.8	22.3
accn|NZ_ADCD01000013	accn|JOKP01000001	100.000	11	0	0	930	940	5465	5455	5.8	22.3
accn|NZ_ADCD01000013	accn|JOKP01000001	100.000	11	0	0	822	832	6359	6369	5.8	22.3
accn|NZ_ADCD01000013	accn|JOKP01000001	100.000	11	0	0	110	120	6430	6440	5.8	22.3
accn|NZ_ADCD01000013	accn|JOKP01000001	100.000	11	0	0	1420	1430	7324	7334	5.8	22.3
accn|NZ_ADCD01000013	accn|JOKP01000001	100.000	11	0	0	48	58	7782	7792	5.8	22.3
accn|NZ_ADCD01000013	accn|JOKP01000001	100.000	11	0	0	1574	1584	7896	7886	5.8	22.3
accn|NZ_ADCD01000013	accn|JOKP01000001	100.000	11	0	0	1448	1458	7959	7949	5.8	22.3
accn|NZ_ADCD01000013	accn|JOKP01000001	100.000	11	0	0	312	322	8174	8184	5.8	22.3
accn|NZ_ADCD01000013	accn|JOKP01000001	100.000	11	0	0	171	181	8314	8324	5.8	22.3
accn|NZ_ADCD01000013	accn|JOKP01000001	100.000	11	0	0	4	14	8465	8475	5.8	22.3
accn|NZ_ADCD01000013	accn|JOKP01000001	100.000	11	0	0	466	476	8536	8546	5.8	22.3
accn|NZ_ADCD01000013	accn|JOKP01000001	100.000	11	0	0	1045	1055	8585	8595	5.8	22.3
accn|NZ_ADCD01000013	accn|JOKP01000001	100.000	11	0	0	1351	1361	8925	8915	5.8	22.3
accn|NZ_ADCD01000013	accn|JOKP01000001	100.000	11	0	0	310	320	9020	9010	5.8	22.3
accn|NZ_ADCD01000013	accn|JOKP01000001	100.000	11	0	0	14	24	9033	9023	5.8	22.3
accn|NZ_ADCD01000013	accn|JOKP01000001	93.333	15	1	0	311	325	9129	9143	5.8	22.3
accn|NZ_ADCD01000013	accn|JOKP01000001	100.000	11	0	0	624	634	9250	9260	5.8	22.3
accn|NZ_ADCD01000013	accn|JOKP01000001	93.333	15	1	0	1133	1147	9448	9462	5.8	22.3
accn|NZ_ADCD01000013	accn|JOKP01000001	100.000	11	0	0	439	449	9516	9506	5.8	22.3
accn|NZ_ADCD01000013	accn|JOKP01000001	93.333	15	1	0	1211	1225	9521	9535	5.8	22.3
accn|NZ_ADCD01000013	accn|JOKP01000001	93.333	15	1	0	1540	1554	9754	9768	5.8	22.3
accn|NZ_ADCD01000013	accn|JOKP01000001	100.000	11	0	0	168	178	9802	9812	5.8	22.3
accn|NZ_ADCD01000013	accn|JOKP01000001	100.000	11	0	0	981	991	9805	9815	5.8	22.3
accn|NZ_ADCD01000013	accn|JOKP01000001	100.000	11	0	0	564	574	10215	10205	5.8	22.3
accn|NZ_ADCD01000013	accn|JOKP01000001	100.000	11	0	0	981	991	10371	10361	5.8	22.3
accn|NZ_ADCD01000013	accn|JOKP01000001	100.000	11	0	0	645	655	10455	10445	5.8	22.3
accn|NZ_ADCD01000013	accn|JOKP01000001	100.000	11	0	0	1393	1403	10876	10866	5.8	22.3
accn|NZ_ADCD01000013	accn|JOKP01000001	100.000	11	0	0	6	16	11004	10994	5.8	22.3
accn|NZ_ADCD01000013	accn|JOKP01000001	100.000	11	0	0	449	459	11089	11079	5.8	22.3
accn|NZ_ADCD01000013	accn|JOKP01000001	100.000	11	0	0	237	247	11230	11240	5.8	22.3
accn|NZ_ADCD01000013	accn|JOKP01000001	100.000	11	0	0	1391	1401	11379	11389	5.8	22.3
accn|NZ_ADCD01000013	accn|JOKP01000001	100.000	11	0	0	977	987	11591	11581	5.8	22.3
accn|NZ_ADCD01000013	accn|JOKP01000001	100.000	11	0	0	790	800	11673	11683	5.8	22.3
accn|NZ_ADCD01000013	accn|JOKP01000001	100.000	11	0	0	1318	1328	11919	11929	5.8	22.3
accn|NZ_ADCD01000013	accn|JOKP01000001	100.000	11	0	0	1331	1341	12014	12024	5.8	22.3
accn|NZ_ADCD01000013	accn|JOKP01000001	93.333	15	1	0	314	328	12031	12017	5.8	22.3
accn|NZ_ADCD01000013	accn|JOKP01000001	100.000	11	0	0	645	655	12156	12146	5.8	22.3
accn|NZ_ADCD01000013	accn|JOKP01000001	100.000	11	0	0	1529	1539	12224	12234	5.8	22.3
accn|NZ_ADCD01000013	accn|JOKP01000001	100.000	11	0	0	157	167	12495	12485	5.8	22.3
accn|NZ_ADCD01000013	accn|JOKP01000001	100.000	11	0	0	157	167	12490	12500	5.8	22.3
accn|NZ_ADCD01000013	accn|JOKP01000001	100.000	11	0	0	1144	1154	12573	12563	5.8	22.3
accn|NZ_ADCD01000013	accn|JOKP01000001	100.000	11	0	0	832	842	12582	12572	5.8	22.3
accn|NZ_ADCD01000013	accn|JOKP01000001	93.333	15	1	0	236	250	12771	12757	5.8	22.3
accn|NZ_ADCD01000013	accn|JOKP01000001	100.000	11	0	0	1370	1380	12782	12792	5.8	22.3
accn|NZ_ADCD01000013	accn|JOKP01000001	100.000	11	0	0	561	571	12899	12909	5.8	22.3
accn|NZ_ADCD01000013	accn|JOKP01000001	89.474	19	2	0	858	876	13121	13139	5.8	22.3
accn|NZ_ADCD01000013	accn|JOKP01000001	100.000	11	0	0	1575	1585	13256	13246	5.8	22.3
accn|NZ_ADCD01000013	accn|JOKP01000001	100.000	11	0	0	625	635	13622	13632	5.8	22.3
accn|NZ_ADCD01000013	accn|JOKP01000001	100.000	11	0	0	1603	1613	13764	13754	5.8	22.3
accn|NZ_ADCD01000013	accn|JOKP01000001	100.000	11	0	0	649	659	13808	13818	5.8	22.3
accn|NZ_ADCD01000013	accn|JOKP01000001	100.000	11	0	0	122	132	13917	13907	5.8	22.3
accn|NZ_ADCD01000013	accn|JOKP01000001	100.000	11	0	0	1475	1485	13915	13925	5.8	22.3
accn|NZ_ADCD01000013	accn|JOKP01000001	100.000	11	0	0	1498	1508	14088	14078	5.8	22.3
accn|NZ_ADCD01000013	accn|JOKP01000001	89.474	19	2	0	1525	1543	14476	14494	5.8	22.3
accn|NZ_ADCD01000013	accn|JOKP01000001	100.000	11	0	0	1505	1515	14591	14601	5.8	22.3
accn|NZ_ADCD01000013	accn|JOKP01000001	100.000	11	0	0	1346	1356	14642	14652	5.8	22.3
accn|NZ_ADCD01000013	accn|JOKP01000001	100.000	11	0	0	1489	1499	14982	14972	5.8	22.3
accn|NZ_ADCD01000013	accn|JOKP01000001	100.000	11	0	0	17	27	15018	15028	5.8	22.3
accn|NZ_ADCD01000013	accn|JOKP01000001	100.000	11	0	0	465	475	15099	15089	5.8	22.3
accn|NZ_ADCD01000013	accn|JOKP01000001	100.000	11	0	0	621	631	15137	15147	5.8	22.3
accn|NZ_ADCD01000013	accn|JOKP01000001	93.333	15	1	0	1566	1580	15282	15268	5.8	22.3
accn|NZ_ADCD01000013	accn|JOKP01000001	100.000	11	0	0	854	864	15299	15289	5.8	22.3
accn|NZ_ADCD01000013	accn|JOKP01000001	100.000	11	0	0	737	747	15529	15519	5.8	22.3
accn|NZ_ADCD01000013	accn|JOKP01000001	100.000	11	0	0	1349	1359	15563	15573	5.8	22.3
accn|NZ_ADCD01000013	accn|JOKP01000001	100.000	11	0	0	315	325	15566	15576	5.8	22.3
accn|NZ_ADCD01000013	accn|JOKP01000001	100.000	11	0	0	595	605	15731	15721	5.8	22.3
accn|NZ_ADCD01000013	accn|JOKP01000001	100.000	11	0	0	1042	1052	15812	15802	5.8	22.3
accn|NZ_ADCD01000013	accn|JOKP01000001	100.000	11	0	0	171	181	15813	15803	5.8	22.3
accn|NZ_ADCD01000013	accn|JOKP01000001	100.000	11	0	0	1143	1153	16025	16015	5.8	22.3
accn|NZ_ADCD01000013	accn|JOKP01000001	100.000	11	0	0	519	529	16599	16609	5.8	22.3
accn|NZ_ADCD01000013	accn|JOKP01000001	100.000	11	0	0	1419	1429	16611	16601	5.8	22.3
accn|NZ_ADCD01000013	accn|JOKP01000001	100.000	11	0	0	81	91	16755	16765	5.8	22.3
accn|NZ_ADCD01000013	accn|JOKP01000001	100.000	11	0	0	690	700	17044	17034	5.8	22.3
