accn|NZ_GG696758	accn|LRNA01000001	100.000	14	0	0	59	72	33577	33564	0.064	28.2
accn|NZ_GG696758	accn|LRNA01000001	100.000	12	0	0	34	45	1223	1234	1.00	24.3
accn|NZ_GG696758	accn|LRNA01000001	100.000	12	0	0	273	284	1493	1482	1.00	24.3
accn|NZ_GG696758	accn|LRNA01000001	93.750	16	1	0	53	68	31916	31931	1.00	24.3
accn|NZ_GG696758	accn|LRNA01000001	100.000	12	0	0	48	59	33820	33831	1.00	24.3
accn|NZ_GG696758	accn|LRNA01000001	93.750	16	1	0	213	228	42136	42121	1.00	24.3
accn|NZ_GG696758	accn|LRNA01000001	100.000	12	0	0	47	58	48563	48574	1.00	24.3
accn|NZ_GG696758	accn|LRNA01000001	100.000	12	0	0	48	59	50394	50405	1.00	24.3
accn|NZ_GG696758	accn|LRNA01000001	100.000	12	0	0	172	183	64947	64958	1.00	24.3
accn|NZ_GG696758	accn|LRNA01000001	93.333	15	1	0	45	59	2140	2154	4.0	22.3
accn|NZ_GG696758	accn|LRNA01000001	100.000	11	0	0	194	204	11134	11124	4.0	22.3
accn|NZ_GG696758	accn|LRNA01000001	100.000	11	0	0	89	99	18481	18471	4.0	22.3
accn|NZ_GG696758	accn|LRNA01000001	100.000	11	0	0	62	72	19429	19419	4.0	22.3
accn|NZ_GG696758	accn|LRNA01000001	100.000	11	0	0	165	175	23417	23427	4.0	22.3
accn|NZ_GG696758	accn|LRNA01000001	100.000	11	0	0	279	289	24669	24679	4.0	22.3
accn|NZ_GG696758	accn|LRNA01000001	100.000	11	0	0	256	266	34412	34422	4.0	22.3
accn|NZ_GG696758	accn|LRNA01000001	100.000	11	0	0	273	283	34447	34457	4.0	22.3
accn|NZ_GG696758	accn|LRNA01000001	93.333	15	1	0	256	270	37029	37043	4.0	22.3
accn|NZ_GG696758	accn|LRNA01000001	100.000	11	0	0	99	109	37040	37030	4.0	22.3
accn|NZ_GG696758	accn|LRNA01000001	93.333	15	1	0	95	109	40575	40589	4.0	22.3
accn|NZ_GG696758	accn|LRNA01000001	100.000	11	0	0	186	196	48265	48275	4.0	22.3
accn|NZ_GG696758	accn|LRNA01000001	100.000	11	0	0	172	182	50239	50249	4.0	22.3
accn|NZ_GG696758	accn|LRNA01000001	100.000	11	0	0	170	180	50381	50391	4.0	22.3
accn|NZ_GG696758	accn|LRNA01000001	100.000	11	0	0	268	278	51097	51087	4.0	22.3
accn|NZ_GG696758	accn|LRNA01000001	100.000	11	0	0	254	264	52230	52240	4.0	22.3
accn|NZ_GG696758	accn|LRNA01000001	100.000	11	0	0	117	127	69562	69572	4.0	22.3
accn|NZ_GG696758	accn|LRNA01000001	100.000	11	0	0	171	181	70468	70458	4.0	22.3
accn|NZ_GG696758	accn|LRNA01000001	100.000	11	0	0	14	24	72296	72286	4.0	22.3